10 24 1
10 25 1
10 26 1
10 27 2
10 20 1
10 21 2
10 22 1
10 23 2
10 28 2
10 29 2
10 0 1
10 4 1
10 8 1
10 59 2
10 58 2
10 55 2
10 54 2
10 57 2
10 56 2
10 51 2
10 50 2
10 53 2
10 52 2
10 88 1
10 89 2
10 82 1
10 83 1
10 80 1
10 81 2
10 86 2
10 87 2
10 84 1
10 85 2
10 3 1
10 7 1
10 39 1
10 38 1
10 33 1
10 32 2
10 31 1
10 30 1
10 37 2
10 36 1
10 35 2
10 34 2
10 60 1
10 61 2
10 62 1
10 63 2
10 64 1
10 65 2
10 66 2
10 67 2
10 68 2
10 69 2
10 2 1
10 6 1
10 99 2
10 98 2
10 91 2
10 90 2
10 93 2
10 92 2
10 95 2
10 94 2
10 97 1
10 96 2
10 11 1
10 10 0
10 13 1
10 12 1
10 15 1
10 14 1
10 17 1
10 16 1
10 19 1
10 18 2
10 48 1
10 49 2
10 46 1
10 47 2
10 44 2
10 45 2
10 42 1
10 43 1
10 40 2
10 41 2
10 1 1
10 5 1
10 9 1
10 77 2
10 76 2
10 75 2
10 74 1
10 73 1
10 72 2
10 71 2
10 70 1
10 79 2
10 78 2
12 24 2
12 25 1
12 26 1
12 27 2
12 20 1
12 21 2
12 22 2
12 23 1
12 28 1
12 29 1
12 0 1
12 4 1
12 8 1
12 59 2
12 58 2
12 55 2
12 54 2
12 57 1
12 56 1
12 51 2
12 50 1
12 53 1
12 52 2
12 88 2
12 89 2
12 82 2
12 83 2
12 80 2
12 81 2
12 86 2
12 87 1
12 84 2
12 85 1
12 3 1
12 7 2
12 39 2
12 38 1
12 33 2
12 32 1
12 31 2
12 30 2
12 37 2
12 36 1
12 35 1
12 34 2
12 60 2
12 61 2
12 62 2
12 63 2
12 64 2
12 65 2
12 66 2
12 67 2
12 68 2
12 69 1
12 2 1
12 6 2
12 99 2
12 98 2
12 91 2
12 90 2
12 93 2
12 92 1
12 95 2
12 94 1
12 97 2
12 96 2
12 11 1
12 10 1
12 13 1
12 12 0
12 15 1
12 14 1
12 17 1
12 16 1
12 19 1
12 18 1
12 48 2
12 49 2
12 46 1
12 47 1
12 44 1
12 45 2
12 42 2
12 43 2
12 40 1
12 41 1
12 1 1
12 5 1
12 9 1
12 77 2
12 76 2
12 75 1
12 74 2
12 73 1
12 72 2
12 71 2
12 70 2
12 79 2
12 78 2
11 24 2
11 25 2
11 26 2
11 27 1
11 20 1
11 21 1
11 22 1
11 23 2
11 28 1
11 29 2
11 0 1
11 4 1
11 8 2
11 59 2
11 58 2
11 55 1
11 54 1
11 57 2
11 56 2
11 51 2
11 50 2
11 53 1
11 52 2
11 88 2
11 89 2
11 82 1
11 83 2
11 80 2
11 81 1
11 86 2
11 87 2
11 84 1
11 85 2
11 3 1
11 7 1
11 39 2
11 38 2
11 33 1
11 32 1
11 31 1
11 30 1
11 37 2
11 36 2
11 35 2
11 34 2
11 60 1
11 61 2
11 62 2
11 63 2
11 64 2
11 65 1
11 66 2
11 67 1
11 68 2
11 69 1
11 2 1
11 6 1
11 99 2
11 98 2
11 91 2
11 90 2
11 93 2
11 92 2
11 95 2
11 94 2
11 97 2
11 96 2
11 11 0
11 10 1
11 13 1
11 12 1
11 15 1
11 14 1
11 17 1
11 16 1
11 19 1
11 18 2
11 48 2
11 49 1
11 46 2
11 47 2
11 44 1
11 45 2
11 42 1
11 43 2
11 40 2
11 41 2
11 1 1
11 5 1
11 9 1
11 77 2
11 76 2
11 75 2
11 74 2
11 73 2
11 72 1
11 71 1
11 70 2
11 79 1
11 78 2
21 24 1
21 25 2
21 26 1
21 27 1
21 20 1
21 21 0
21 22 2
21 23 1
21 28 2
21 29 2
21 0 2
21 4 2
21 8 2
21 59 2
21 58 1
21 55 2
21 54 2
21 57 2
21 56 1
21 51 2
21 50 1
21 53 2
21 52 2
21 88 2
21 89 1
21 82 2
21 83 2
21 80 2
21 81 2
21 86 2
21 87 2
21 84 1
21 85 1
21 3 1
21 7 2
21 39 1
21 38 1
21 33 1
21 32 2
21 31 1
21 30 2
21 37 2
21 36 1
21 35 2
21 34 1
21 60 1
21 61 1
21 62 2
21 63 1
21 64 1
21 65 2
21 66 2
21 67 2
21 68 2
21 69 1
21 2 2
21 6 2
21 99 2
21 98 2
21 91 1
21 90 2
21 93 2
21 92 2
21 95 1
21 94 2
21 97 1
21 96 2
21 11 1
21 10 2
21 13 2
21 12 2
21 15 1
21 14 1
21 17 1
21 16 1
21 19 2
21 18 1
21 48 2
21 49 1
21 46 2
21 47 2
21 44 1
21 45 2
21 42 2
21 43 1
21 40 1
21 41 2
21 1 1
21 5 1
21 9 2
21 77 2
21 76 2
21 75 1
21 74 2
21 73 2
21 72 2
21 71 2
21 70 2
21 79 1
21 78 2
17 24 1
17 25 1
17 26 2
17 27 1
17 20 1
17 21 1
17 22 1
17 23 2
17 28 2
17 29 1
17 0 2
17 4 1
17 8 2
17 59 2
17 58 2
17 55 2
17 54 2
17 57 1
17 56 2
17 51 1
17 50 2
17 53 2
17 52 2
17 88 2
17 89 1
17 82 2
17 83 2
17 80 2
17 81 2
17 86 2
17 87 2
17 84 2
17 85 2
17 3 1
17 7 2
17 39 2
17 38 2
17 33 1
17 32 1
17 31 2
17 30 2
17 37 2
17 36 1
17 35 2
17 34 2
17 60 2
17 61 2
17 62 1
17 63 2
17 64 1
17 65 1
17 66 2
17 67 2
17 68 2
17 69 1
17 2 1
17 6 2
17 99 2
17 98 2
17 91 2
17 90 2
17 93 1
17 92 1
17 95 2
17 94 2
17 97 2
17 96 1
17 11 1
17 10 1
17 13 1
17 12 1
17 15 1
17 14 1
17 17 0
17 16 2
17 19 1
17 18 1
17 48 2
17 49 2
17 46 2
17 47 2
17 44 1
17 45 2
17 42 2
17 43 1
17 40 2
17 41 1
17 1 1
17 5 2
17 9 2
17 77 2
17 76 1
17 75 1
17 74 2
17 73 1
17 72 2
17 71 2
17 70 2
17 79 2
17 78 2
29 24 2
29 25 2
29 26 1
29 27 2
29 20 2
29 21 2
29 22 2
29 23 1
29 28 1
29 29 0
29 0 2
29 4 2
29 8 1
29 59 1
29 58 2
29 55 1
29 54 1
29 57 2
29 56 2
29 51 2
29 50 1
29 53 2
29 52 1
29 88 1
29 89 2
29 82 2
29 83 2
29 80 2
29 81 1
29 86 2
29 87 1
29 84 1
29 85 2
29 3 1
29 7 2
29 39 2
29 38 2
29 33 1
29 32 1
29 31 2
29 30 1
29 37 2
29 36 2
29 35 2
29 34 1
29 60 2
29 61 2
29 62 1
29 63 2
29 64 2
29 65 1
29 66 1
29 67 1
29 68 1
29 69 2
29 2 2
29 6 1
29 99 1
29 98 1
29 91 1
29 90 2
29 93 1
29 92 2
29 95 1
29 94 2
29 97 2
29 96 2
29 11 2
29 10 2
29 13 2
29 12 1
29 15 2
29 14 2
29 17 1
29 16 1
29 19 2
29 18 2
29 48 2
29 49 2
29 46 2
29 47 2
29 44 2
29 45 2
29 42 2
29 43 2
29 40 2
29 41 2
29 1 2
29 5 1
29 9 2
29 77 1
29 76 2
29 75 2
29 74 1
29 73 2
29 72 2
29 71 2
29 70 1
29 79 2
29 78 1
14 24 2
14 25 1
14 26 2
14 27 1
14 20 2
14 21 1
14 22 1
14 23 2
14 28 2
14 29 2
14 0 1
14 4 1
14 8 2
14 59 1
14 58 1
14 55 2
14 54 2
14 57 1
14 56 2
14 51 2
14 50 2
14 53 1
14 52 2
14 88 2
14 89 2
14 82 2
14 83 2
14 80 2
14 81 2
14 86 2
14 87 1
14 84 2
14 85 1
14 3 1
14 7 2
14 39 1
14 38 2
14 33 1
14 32 2
14 31 2
14 30 2
14 37 2
14 36 2
14 35 1
14 34 2
14 60 2
14 61 1
14 62 2
14 63 2
14 64 2
14 65 2
14 66 2
14 67 2
14 68 2
14 69 2
14 2 1
14 6 2
14 99 2
14 98 1
14 91 2
14 90 2
14 93 2
14 92 2
14 95 1
14 94 2
14 97 2
14 96 2
14 11 1
14 10 1
14 13 1
14 12 1
14 15 1
14 14 0
14 17 1
14 16 1
14 19 1
14 18 1
14 48 2
14 49 2
14 46 1
14 47 2
14 44 2
14 45 1
14 42 1
14 43 2
14 40 1
14 41 2
14 1 1
14 5 2
14 9 1
14 77 2
14 76 2
14 75 2
14 74 2
14 73 2
14 72 1
14 71 1
14 70 2
14 79 2
14 78 2
1 24 2
1 25 2
1 26 1
1 27 2
1 20 1
1 21 1
1 22 1
1 23 1
1 28 1
1 29 2
1 0 2
1 4 2
1 8 2
1 59 2
1 58 2
1 55 2
1 54 1
1 57 1
1 56 1
1 51 1
1 50 2
1 53 2
1 52 2
1 88 2
1 89 2
1 82 1
1 83 2
1 80 2
1 81 1
1 86 1
1 87 1
1 84 2
1 85 2
1 3 2
1 7 2
1 39 1
1 38 2
1 33 2
1 32 2
1 31 1
1 30 2
1 37 1
1 36 2
1 35 2
1 34 1
1 60 2
1 61 2
1 62 2
1 63 2
1 64 2
1 65 1
1 66 2
1 67 2
1 68 1
1 69 2
1 2 2
1 6 2
1 99 2
1 98 2
1 91 2
1 90 1
1 93 2
1 92 2
1 95 2
1 94 2
1 97 2
1 96 2
1 11 1
1 10 1
1 13 1
1 12 1
1 15 1
1 14 1
1 17 1
1 16 2
1 19 1
1 18 1
1 48 1
1 49 1
1 46 2
1 47 1
1 44 2
1 45 2
1 42 2
1 43 2
1 40 2
1 41 2
1 1 0
1 5 2
1 9 2
1 77 1
1 76 2
1 75 2
1 74 2
1 73 2
1 72 1
1 71 1
1 70 2
1 79 2
1 78 2
13 24 2
13 25 2
13 26 2
13 27 2
13 20 2
13 21 2
13 22 1
13 23 2
13 28 2
13 29 2
13 0 1
13 4 2
13 8 1
13 59 1
13 58 2
13 55 2
13 54 2
13 57 2
13 56 2
13 51 2
13 50 2
13 53 2
13 52 2
13 88 2
13 89 2
13 82 1
13 83 1
13 80 2
13 81 1
13 86 1
13 87 2
13 84 2
13 85 2
13 3 1
13 7 1
13 39 2
13 38 1
13 33 2
13 32 2
13 31 1
13 30 2
13 37 1
13 36 2
13 35 2
13 34 1
13 60 2
13 61 2
13 62 2
13 63 2
13 64 2
13 65 2
13 66 2
13 67 2
13 68 2
13 69 2
13 2 1
13 6 1
13 99 2
13 98 2
13 91 1
13 90 1
13 93 1
13 92 2
13 95 2
13 94 2
13 97 2
13 96 2
13 11 1
13 10 1
13 13 0
13 12 1
13 15 1
13 14 1
13 17 1
13 16 1
13 19 1
13 18 1
13 48 2
13 49 2
13 46 2
13 47 1
13 44 2
13 45 1
13 42 2
13 43 1
13 40 2
13 41 1
13 1 1
13 5 2
13 9 2
13 77 2
13 76 2
13 75 2
13 74 2
13 73 2
13 72 1
13 71 2
13 70 1
13 79 2
13 78 2
15 24 2
15 25 1
15 26 1
15 27 2
15 20 1
15 21 1
15 22 2
15 23 1
15 28 1
15 29 2
15 0 1
15 4 2
15 8 2
15 59 2
15 58 2
15 55 2
15 54 2
15 57 2
15 56 2
15 51 2
15 50 2
15 53 1
15 52 2
15 88 2
15 89 2
15 82 2
15 83 2
15 80 1
15 81 2
15 86 2
15 87 2
15 84 2
15 85 2
15 3 1
15 7 2
15 39 2
15 38 1
15 33 2
15 32 1
15 31 2
15 30 2
15 37 2
15 36 1
15 35 1
15 34 1
15 60 1
15 61 2
15 62 2
15 63 2
15 64 1
15 65 2
15 66 2
15 67 1
15 68 2
15 69 2
15 2 1
15 6 2
15 99 1
15 98 1
15 91 2
15 90 2
15 93 2
15 92 2
15 95 2
15 94 2
15 97 2
15 96 2
15 11 1
15 10 1
15 13 1
15 12 1
15 15 0
15 14 1
15 17 1
15 16 1
15 19 2
15 18 1
15 48 2
15 49 2
15 46 1
15 47 1
15 44 2
15 45 2
15 42 2
15 43 2
15 40 2
15 41 1
15 1 1
15 5 2
15 9 1
15 77 2
15 76 2
15 75 2
15 74 2
15 73 2
15 72 2
15 71 2
15 70 1
15 79 2
15 78 2
16 24 2
16 25 1
16 26 1
16 27 1
16 20 1
16 21 1
16 22 1
16 23 1
16 28 1
16 29 1
16 0 2
16 4 2
16 8 1
16 59 2
16 58 2
16 55 2
16 54 1
16 57 2
16 56 2
16 51 2
16 50 2
16 53 2
16 52 2
16 88 2
16 89 1
16 82 1
16 83 2
16 80 2
16 81 2
16 86 2
16 87 2
16 84 2
16 85 2
16 3 1
16 7 1
16 39 1
16 38 2
16 33 2
16 32 1
16 31 2
16 30 2
16 37 2
16 36 2
16 35 2
16 34 1
16 60 2
16 61 2
16 62 2
16 63 2
16 64 1
16 65 2
16 66 2
16 67 2
16 68 2
16 69 2
16 2 2
16 6 2
16 99 2
16 98 2
16 91 2
16 90 2
16 93 2
16 92 2
16 95 2
16 94 2
16 97 1
16 96 1
16 11 1
16 10 1
16 13 1
16 12 1
16 15 1
16 14 1
16 17 2
16 16 0
16 19 1
16 18 1
16 48 1
16 49 2
16 46 2
16 47 2
16 44 2
16 45 2
16 42 1
16 43 2
16 40 2
16 41 2
16 1 2
16 5 2
16 9 1
16 77 2
16 76 1
16 75 2
16 74 2
16 73 2
16 72 2
16 71 2
16 70 2
16 79 1
16 78 2
20 24 1
20 25 1
20 26 2
20 27 2
20 20 0
20 21 1
20 22 2
20 23 1
20 28 2
20 29 2
20 0 2
20 4 2
20 8 2
20 59 2
20 58 2
20 55 1
20 54 2
20 57 2
20 56 2
20 51 2
20 50 1
20 53 2
20 52 2
20 88 2
20 89 2
20 82 2
20 83 2
20 80 1
20 81 2
20 86 2
20 87 1
20 84 2
20 85 1
20 3 2
20 7 2
20 39 2
20 38 2
20 33 2
20 32 2
20 31 2
20 30 2
20 37 2
20 36 2
20 35 1
20 34 1
20 60 2
20 61 1
20 62 1
20 63 1
20 64 2
20 65 1
20 66 2
20 67 2
20 68 2
20 69 2
20 2 1
20 6 1
20 99 2
20 98 2
20 91 2
20 90 2
20 93 2
20 92 2
20 95 2
20 94 1
20 97 2
20 96 2
20 11 1
20 10 1
20 13 2
20 12 1
20 15 1
20 14 2
20 17 1
20 16 1
20 19 2
20 18 2
20 48 2
20 49 1
20 46 1
20 47 1
20 44 1
20 45 2
20 42 1
20 43 2
20 40 2
20 41 2
20 1 1
20 5 2
20 9 1
20 77 2
20 76 2
20 75 2
20 74 2
20 73 1
20 72 2
20 71 1
20 70 2
20 79 2
20 78 2
23 24 2
23 25 2
23 26 1
23 27 2
23 20 1
23 21 1
23 22 1
23 23 0
23 28 1
23 29 1
23 0 1
23 4 2
23 8 2
23 59 2
23 58 2
23 55 1
23 54 2
23 57 2
23 56 1
23 51 2
23 50 2
23 53 2
23 52 1
23 88 2
23 89 2
23 82 1
23 83 2
23 80 1
23 81 2
23 86 2
23 87 2
23 84 2
23 85 2
23 3 2
23 7 2
23 39 1
23 38 2
23 33 2
23 32 1
23 31 2
23 30 1
23 37 1
23 36 2
23 35 2
23 34 1
23 60 2
23 61 1
23 62 2
23 63 1
23 64 2
23 65 1
23 66 1
23 67 2
23 68 2
23 69 2
23 2 1
23 6 2
23 99 2
23 98 2
23 91 2
23 90 2
23 93 2
23 92 2
23 95 1
23 94 2
23 97 2
23 96 2
23 11 2
23 10 2
23 13 2
23 12 1
23 15 1
23 14 2
23 17 2
23 16 1
23 19 2
23 18 2
23 48 1
23 49 2
23 46 2
23 47 2
23 44 2
23 45 1
23 42 2
23 43 2
23 40 1
23 41 1
23 1 1
23 5 2
23 9 1
23 77 2
23 76 2
23 75 2
23 74 2
23 73 2
23 72 2
23 71 2
23 70 2
23 79 2
23 78 2
24 24 0
24 25 1
24 26 2
24 27 1
24 20 1
24 21 1
24 22 1
24 23 2
24 28 2
24 29 2
24 0 2
24 4 2
24 8 2
24 59 2
24 58 2
24 55 2
24 54 2
24 57 2
24 56 1
24 51 1
24 50 2
24 53 2
24 52 1
24 88 1
24 89 2
24 82 2
24 83 2
24 80 1
24 81 1
24 86 2
24 87 2
24 84 2
24 85 2
24 3 1
24 7 2
24 39 2
24 38 2
24 33 2
24 32 1
24 31 1
24 30 1
24 37 2
24 36 1
24 35 2
24 34 1
24 60 2
24 61 2
24 62 2
24 63 2
24 64 2
24 65 2
24 66 2
24 67 2
24 68 2
24 69 2
24 2 1
24 6 2
24 99 2
24 98 2
24 91 1
24 90 2
24 93 2
24 92 2
24 95 2
24 94 2
24 97 2
24 96 2
24 11 2
24 10 1
24 13 2
24 12 2
24 15 2
24 14 2
24 17 1
24 16 2
24 19 1
24 18 1
24 48 1
24 49 1
24 46 2
24 47 2
24 44 2
24 45 1
24 42 1
24 43 2
24 40 2
24 41 2
24 1 2
24 5 2
24 9 1
24 77 2
24 76 2
24 75 2
24 74 2
24 73 2
24 72 2
24 71 1
24 70 2
24 79 2
24 78 1
3 24 1
3 25 1
3 26 1
3 27 1
3 20 2
3 21 1
3 22 1
3 23 2
3 28 2
3 29 1
3 0 2
3 4 2
3 8 2
3 59 2
3 58 2
3 55 2
3 54 2
3 57 1
3 56 2
3 51 2
3 50 1
3 53 1
3 52 2
3 88 2
3 89 2
3 82 2
3 83 2
3 80 2
3 81 2
3 86 2
3 87 2
3 84 2
3 85 2
3 3 0
3 7 2
3 39 2
3 38 1
3 33 2
3 32 2
3 31 2
3 30 1
3 37 1
3 36 2
3 35 2
3 34 2
3 60 2
3 61 2
3 62 2
3 63 2
3 64 2
3 65 1
3 66 1
3 67 2
3 68 2
3 69 2
3 2 2
3 6 2
3 99 1
3 98 2
3 91 1
3 90 2
3 93 2
3 92 2
3 95 2
3 94 2
3 97 2
3 96 2
3 11 1
3 10 1
3 13 1
3 12 1
3 15 1
3 14 1
3 17 1
3 16 1
3 19 1
3 18 1
3 48 1
3 49 2
3 46 2
3 47 2
3 44 2
3 45 1
3 42 2
3 43 2
3 40 2
3 41 2
3 1 2
3 5 2
3 9 2
3 77 2
3 76 2
3 75 2
3 74 2
3 73 1
3 72 2
3 71 2
3 70 2
3 79 2
3 78 2
18 24 1
18 25 2
18 26 2
18 27 1
18 20 2
18 21 1
18 22 1
18 23 2
18 28 1
18 29 2
18 0 2
18 4 1
18 8 2
18 59 2
18 58 1
18 55 2
18 54 1
18 57 2
18 56 2
18 51 1
18 50 2
18 53 2
18 52 2
18 88 2
18 89 2
18 82 2
18 83 2
18 80 2
18 81 2
18 86 2
18 87 2
18 84 2
18 85 2
18 3 1
18 7 2
18 39 2
18 38 1
18 33 2
18 32 2
18 31 2
18 30 1
18 37 1
18 36 2
18 35 1
18 34 2
18 60 2
18 61 2
18 62 2
18 63 2
18 64 1
18 65 2
18 66 1
18 67 2
18 68 2
18 69 1
18 2 2
18 6 2
18 99 2
18 98 2
18 91 1
18 90 2
18 93 2
18 92 2
18 95 2
18 94 2
18 97 2
18 96 2
18 11 2
18 10 2
18 13 1
18 12 1
18 15 1
18 14 1
18 17 1
18 16 1
18 19 2
18 18 0
18 48 1
18 49 2
18 46 1
18 47 2
18 44 2
18 45 2
18 42 2
18 43 1
18 40 2
18 41 2
18 1 1
18 5 2
18 9 1
18 77 2
18 76 2
18 75 2
18 74 1
18 73 2
18 72 2
18 71 2
18 70 2
18 79 2
18 78 2
25 24 1
25 25 0
25 26 2
25 27 2
25 20 1
25 21 2
25 22 2
25 23 2
25 28 1
25 29 2
25 0 2
25 4 2
25 8 2
25 59 2
25 58 1
25 55 2
25 54 2
25 57 2
25 56 1
25 51 2
25 50 2
25 53 2
25 52 2
25 88 2
25 89 2
25 82 1
25 83 2
25 80 2
25 81 2
25 86 2
25 87 2
25 84 2
25 85 1
25 3 1
25 7 2
25 39 2
25 38 2
25 33 2
25 32 2
25 31 2
25 30 2
25 37 1
25 36 2
25 35 2
25 34 2
25 60 2
25 61 2
25 62 1
25 63 2
25 64 2
25 65 2
25 66 2
25 67 1
25 68 2
25 69 2
25 2 2
25 6 2
25 99 2
25 98 1
25 91 2
25 90 3
25 93 2
25 92 2
25 95 2
25 94 2
25 97 1
25 96 2
25 11 2
25 10 1
25 13 2
25 12 1
25 15 1
25 14 1
25 17 1
25 16 1
25 19 2
25 18 2
25 48 2
25 49 1
25 46 2
25 47 2
25 44 2
25 45 1
25 42 1
25 43 2
25 40 1
25 41 1
25 1 2
25 5 2
25 9 1
25 77 1
25 76 1
25 75 2
25 74 1
25 73 2
25 72 2
25 71 2
25 70 1
25 79 2
25 78 2
2 24 1
2 25 2
2 26 2
2 27 1
2 20 1
2 21 2
2 22 2
2 23 1
2 28 2
2 29 2
2 0 2
2 4 2
2 8 2
2 59 2
2 58 2
2 55 1
2 54 2
2 57 2
2 56 2
2 51 2
2 50 1
2 53 2
2 52 2
2 88 2
2 89 2
2 82 1
2 83 2
2 80 2
2 81 2
2 86 2
2 87 2
2 84 2
2 85 2
2 3 2
2 7 2
2 39 1
2 38 2
2 33 2
2 32 1
2 31 1
2 30 2
2 37 2
2 36 2
2 35 1
2 34 2
2 60 1
2 61 2
2 62 1
2 63 1
2 64 2
2 65 2
2 66 1
2 67 1
2 68 2
2 69 2
2 2 0
2 6 2
2 99 1
2 98 2
2 91 2
2 90 1
2 93 2
2 92 2
2 95 2
2 94 2
2 97 2
2 96 2
2 11 1
2 10 1
2 13 1
2 12 1
2 15 1
2 14 1
2 17 1
2 16 2
2 19 2
2 18 2
2 48 2
2 49 2
2 46 1
2 47 2
2 44 2
2 45 2
2 42 2
2 43 2
2 40 2
2 41 2
2 1 2
2 5 2
2 9 2
2 77 2
2 76 1
2 75 2
2 74 2
2 73 2
2 72 2
2 71 2
2 70 2
2 79 2
2 78 1
22 24 1
22 25 2
22 26 1
22 27 2
22 20 2
22 21 2
22 22 0
22 23 1
22 28 2
22 29 2
22 0 2
22 4 2
22 8 2
22 59 2
22 58 2
22 55 2
22 54 2
22 57 2
22 56 2
22 51 2
22 50 2
22 53 2
22 52 1
22 88 2
22 89 2
22 82 2
22 83 2
22 80 2
22 81 2
22 86 1
22 87 2
22 84 2
22 85 2
22 3 1
22 7 2
22 39 2
22 38 1
22 33 2
22 32 2
22 31 2
22 30 2
22 37 1
22 36 1
22 35 1
22 34 2
22 60 1
22 61 2
22 62 2
22 63 2
22 64 2
22 65 2
22 66 2
22 67 2
22 68 2
22 69 2
22 2 2
22 6 1
22 99 2
22 98 1
22 91 2
22 90 2
22 93 2
22 92 2
22 95 1
22 94 2
22 97 2
22 96 2
22 11 1
22 10 1
22 13 1
22 12 2
22 15 2
22 14 1
22 17 1
22 16 1
22 19 2
22 18 1
22 48 2
22 49 1
22 46 1
22 47 2
22 44 2
22 45 2
22 42 2
22 43 2
22 40 2
22 41 2
22 1 1
22 5 2
22 9 2
22 77 2
22 76 2
22 75 2
22 74 2
22 73 2
22 72 2
22 71 2
22 70 1
22 79 2
22 78 1
19 24 1
19 25 2
19 26 2
19 27 2
19 20 2
19 21 2
19 22 2
19 23 2
19 28 2
19 29 2
19 0 1
19 4 2
19 8 2
19 59 1
19 58 2
19 55 2
19 54 2
19 57 2
19 56 2
19 51 1
19 50 2
19 53 1
19 52 2
19 88 2
19 89 2
19 82 1
19 83 2
19 80 1
19 81 2
19 86 2
19 87 2
19 84 2
19 85 2
19 3 1
19 7 2
19 39 2
19 38 2
19 33 1
19 32 2
19 31 2
19 30 1
19 37 2
19 36 2
19 35 2
19 34 2
19 60 1
19 61 2
19 62 1
19 63 2
19 64 2
19 65 2
19 66 1
19 67 2
19 68 1
19 69 2
19 2 2
19 6 2
19 99 2
19 98 2
19 91 2
19 90 2
19 93 2
19 92 1
19 95 2
19 94 2
19 97 2
19 96 2
19 11 1
19 10 1
19 13 1
19 12 1
19 15 2
19 14 1
19 17 1
19 16 1
19 19 0
19 18 2
19 48 2
19 49 1
19 46 2
19 47 2
19 44 2
19 45 2
19 42 2
19 43 2
19 40 1
19 41 2
19 1 1
19 5 2
19 9 2
19 77 2
19 76 2
19 75 1
19 74 2
19 73 2
19 72 2
19 71 2
19 70 2
19 79 2
19 78 2
33 24 2
33 25 2
33 26 2
33 27 2
33 20 2
33 21 1
33 22 2
33 23 2
33 28 2
33 29 1
33 0 2
33 4 2
33 8 2
33 59 1
33 58 2
33 55 2
33 54 2
33 57 2
33 56 2
33 51 2
33 50 2
33 53 2
33 52 2
33 88 1
33 89 2
33 82 2
33 83 2
33 80 1
33 81 2
33 86 2
33 87 1
33 84 1
33 85 2
33 3 2
33 7 2
33 39 2
33 38 2
33 33 0
33 32 2
33 31 2
33 30 1
33 37 2
33 36 1
33 35 2
33 34 1
33 60 2
33 61 2
33 62 2
33 63 1
33 64 2
33 65 1
33 66 2
33 67 2
33 68 1
33 69 2
33 2 2
33 6 2
33 99 2
33 98 2
33 91 2
33 90 2
33 93 2
33 92 2
33 95 2
33 94 2
33 97 2
33 96 2
33 11 1
33 10 1
33 13 2
33 12 2
33 15 2
33 14 1
33 17 1
33 16 2
33 19 1
33 18 2
33 48 2
33 49 2
33 46 2
33 47 1
33 44 1
33 45 2
33 42 2
33 43 2
33 40 2
33 41 2
33 1 2
33 5 1
33 9 1
33 77 2
33 76 1
33 75 2
33 74 2
33 73 2
33 72 2
33 71 1
33 70 1
33 79 2
33 78 2
9 24 1
9 25 1
9 26 2
9 27 1
9 20 1
9 21 2
9 22 2
9 23 1
9 28 2
9 29 2
9 0 2
9 4 2
9 8 2
9 59 2
9 58 1
9 55 2
9 54 2
9 57 2
9 56 2
9 51 2
9 50 2
9 53 1
9 52 1
9 88 2
9 89 2
9 82 2
9 83 2
9 80 2
9 81 2
9 86 1
9 87 2
9 84 2
9 85 2
9 3 2
9 7 2
9 39 1
9 38 1
9 33 1
9 32 2
9 31 1
9 30 2
9 37 2
9 36 1
9 35 2
9 34 2
9 60 2
9 61 2
9 62 2
9 63 2
9 64 2
9 65 2
9 66 2
9 67 2
9 68 2
9 69 2
9 2 2
9 6 2
9 99 2
9 98 2
9 91 2
9 90 2
9 93 2
9 92 2
9 95 2
9 94 2
9 97 2
9 96 2
9 11 1
9 10 1
9 13 2
9 12 1
9 15 1
9 14 1
9 17 2
9 16 1
9 19 2
9 18 1
9 48 2
9 49 1
9 46 2
9 47 2
9 44 2
9 45 2
9 42 2
9 43 1
9 40 1
9 41 2
9 1 2
9 5 2
9 9 0
9 77 2
9 76 2
9 75 2
9 74 2
9 73 2
9 72 2
9 71 2
9 70 2
9 79 2
9 78 2
26 24 2
26 25 2
26 26 0
26 27 2
26 20 2
26 21 1
26 22 1
26 23 1
26 28 2
26 29 1
26 0 2
26 4 2
26 8 2
26 59 2
26 58 2
26 55 2
26 54 2
26 57 2
26 56 2
26 51 2
26 50 2
26 53 2
26 52 1
26 88 2
26 89 2
26 82 1
26 83 2
26 80 2
26 81 1
26 86 2
26 87 2
26 84 2
26 85 2
26 3 1
26 7 2
26 39 2
26 38 2
26 33 2
26 32 2
26 31 2
26 30 2
26 37 2
26 36 1
26 35 1
26 34 2
26 60 1
26 61 1
26 62 2
26 63 2
26 64 2
26 65 2
26 66 2
26 67 1
26 68 2
26 69 2
26 2 2
26 6 1
26 99 2
26 98 2
26 91 2
26 90 2
26 93 2
26 92 2
26 95 1
26 94 1
26 97 2
26 96 2
26 11 2
26 10 1
26 13 2
26 12 1
26 15 1
26 14 2
26 17 2
26 16 1
26 19 2
26 18 2
26 48 2
26 49 2
26 46 2
26 47 1
26 44 2
26 45 2
26 42 2
26 43 2
26 40 2
26 41 2
26 1 1
26 5 2
26 9 2
26 77 2
26 76 1
26 75 2
26 74 2
26 73 2
26 72 2
26 71 2
26 70 2
26 79 2
26 78 2
32 24 1
32 25 2
32 26 2
32 27 2
32 20 2
32 21 2
32 22 2
32 23 1
32 28 2
32 29 1
32 0 1
32 4 2
32 8 2
32 59 2
32 58 2
32 55 2
32 54 2
32 57 2
32 56 2
32 51 2
32 50 2
32 53 2
32 52 2
32 88 2
32 89 1
32 82 2
32 83 2
32 80 1
32 81 2
32 86 2
32 87 2
32 84 2
32 85 2
32 3 2
32 7 2
32 39 2
32 38 2
32 33 2
32 32 0
32 31 2
32 30 2
32 37 2
32 36 2
32 35 1
32 34 2
32 60 2
32 61 2
32 62 2
32 63 2
32 64 2
32 65 2
32 66 2
32 67 1
32 68 2
32 69 2
32 2 1
32 6 2
32 99 2
32 98 2
32 91 2
32 90 1
32 93 2
32 92 2
32 95 2
32 94 2
32 97 2
32 96 1
32 11 1
32 10 2
32 13 2
32 12 1
32 15 1
32 14 2
32 17 1
32 16 1
32 19 2
32 18 2
32 48 2
32 49 2
32 46 2
32 47 1
32 44 2
32 45 2
32 42 1
32 43 1
32 40 2
32 41 2
32 1 2
32 5 2
32 9 2
32 77 1
32 76 2
32 75 2
32 74 1
32 73 2
32 72 2
32 71 2
32 70 2
32 79 2
32 78 1
28 24 2
28 25 1
28 26 2
28 27 2
28 20 2
28 21 2
28 22 2
28 23 1
28 28 0
28 29 1
28 0 2
28 4 1
28 8 2
28 59 2
28 58 1
28 55 2
28 54 2
28 57 2
28 56 2
28 51 2
28 50 2
28 53 2
28 52 2
28 88 2
28 89 2
28 82 2
28 83 2
28 80 2
28 81 2
28 86 2
28 87 1
28 84 2
28 85 2
28 3 2
28 7 1
28 39 2
28 38 2
28 33 2
28 32 2
28 31 1
28 30 1
28 37 2
28 36 2
28 35 1
28 34 2
28 60 2
28 61 2
28 62 2
28 63 2
28 64 2
28 65 2
28 66 2
28 67 2
28 68 2
28 69 2
28 2 2
28 6 2
28 99 2
28 98 2
28 91 2
28 90 2
28 93 2
28 92 2
28 95 2
28 94 1
28 97 2
28 96 1
28 11 1
28 10 2
28 13 2
28 12 1
28 15 1
28 14 2
28 17 2
28 16 1
28 19 2
28 18 1
28 48 2
28 49 2
28 46 1
28 47 2
28 44 2
28 45 2
28 42 2
28 43 2
28 40 1
28 41 2
28 1 1
28 5 2
28 9 2
28 77 2
28 76 2
28 75 2
28 74 1
28 73 2
28 72 2
28 71 2
28 70 2
28 79 2
28 78 2
39 24 2
39 25 2
39 26 2
39 27 2
39 20 2
39 21 1
39 22 2
39 23 1
39 28 2
39 29 2
39 0 2
39 4 2
39 8 2
39 59 1
39 58 2
39 55 2
39 54 2
39 57 2
39 56 2
39 51 1
39 50 2
39 53 2
39 52 2
39 88 2
39 89 2
39 82 2
39 83 1
39 80 2
39 81 1
39 86 1
39 87 2
39 84 2
39 85 1
39 3 2
39 7 2
39 39 0
39 38 2
39 33 2
39 32 2
39 31 2
39 30 2
39 37 2
39 36 1
39 35 2
39 34 1
39 60 2
39 61 2
39 62 2
39 63 2
39 64 2
39 65 2
39 66 1
39 67 2
39 68 2
39 69 2
39 2 1
39 6 2
39 99 2
39 98 2
39 91 1
39 90 2
39 93 2
39 92 2
39 95 2
39 94 2
39 97 2
39 96 2
39 11 2
39 10 1
39 13 2
39 12 2
39 15 2
39 14 1
39 17 2
39 16 1
39 19 2
39 18 2
39 48 2
39 49 2
39 46 2
39 47 2
39 44 1
39 45 2
39 42 2
39 43 1
39 40 2
39 41 1
39 1 1
39 5 2
39 9 1
39 77 2
39 76 2
39 75 2
39 74 2
39 73 2
39 72 2
39 71 2
39 70 2
39 79 2
39 78 2
30 24 1
30 25 2
30 26 2
30 27 1
30 20 2
30 21 2
30 22 2
30 23 1
30 28 1
30 29 1
30 0 2
30 4 2
30 8 2
30 59 2
30 58 2
30 55 2
30 54 2
30 57 2
30 56 1
30 51 2
30 50 2
30 53 1
30 52 2
30 88 2
30 89 2
30 82 2
30 83 2
30 80 2
30 81 2
30 86 2
30 87 2
30 84 2
30 85 2
30 3 1
30 7 2
30 39 2
30 38 2
30 33 1
30 32 2
30 31 2
30 30 0
30 37 2
30 36 2
30 35 2
30 34 2
30 60 2
30 61 2
30 62 2
30 63 1
30 64 2
30 65 2
30 66 2
30 67 2
30 68 2
30 69 2
30 2 2
30 6 2
30 99 2
30 98 2
30 91 2
30 90 2
30 93 1
30 92 1
30 95 2
30 94 1
30 97 2
30 96 2
30 11 1
30 10 1
30 13 2
30 12 2
30 15 2
30 14 2
30 17 2
30 16 2
30 19 1
30 18 1
30 48 2
30 49 2
30 46 2
30 47 2
30 44 1
30 45 2
30 42 2
30 43 2
30 40 2
30 41 1
30 1 2
30 5 2
30 9 2
30 77 2
30 76 2
30 75 2
30 74 2
30 73 2
30 72 1
30 71 1
30 70 2
30 79 2
30 78 2
48 24 1
48 25 2
48 26 2
48 27 1
48 20 2
48 21 2
48 22 2
48 23 1
48 28 2
48 29 2
48 0 2
48 4 1
48 8 2
48 59 1
48 58 2
48 55 1
48 54 2
48 57 2
48 56 2
48 51 1
48 50 2
48 53 2
48 52 2
48 88 2
48 89 1
48 82 2
48 83 2
48 80 2
48 81 1
48 86 1
48 87 2
48 84 1
48 85 2
48 3 1
48 7 2
48 39 2
48 38 2
48 33 2
48 32 2
48 31 2
48 30 2
48 37 2
48 36 2
48 35 1
48 34 2
48 60 2
48 61 2
48 62 2
48 63 2
48 64 2
48 65 2
48 66 1
48 67 2
48 68 2
48 69 2
48 2 2
48 6 2
48 99 2
48 98 2
48 91 2
48 90 2
48 93 1
48 92 1
48 95 2
48 94 2
48 97 2
48 96 2
48 11 2
48 10 1
48 13 2
48 12 2
48 15 2
48 14 2
48 17 2
48 16 1
48 19 2
48 18 1
48 48 0
48 49 1
48 46 2
48 47 2
48 44 3
48 45 2
48 42 2
48 43 2
48 40 2
48 41 2
48 1 1
48 5 2
48 9 2
48 77 2
48 76 2
48 75 2
48 74 2
48 73 2
48 72 2
48 71 2
48 70 2
48 79 2
48 78 2
42 24 1
42 25 1
42 26 2
42 27 2
42 20 1
42 21 2
42 22 2
42 23 2
42 28 2
42 29 2
42 0 1
42 4 1
42 8 2
42 59 2
42 58 2
42 55 1
42 54 2
42 57 2
42 56 2
42 51 1
42 50 2
42 53 2
42 52 2
42 88 2
42 89 2
42 82 2
42 83 1
42 80 2
42 81 2
42 86 2
42 87 2
42 84 2
42 85 2
42 3 2
42 7 2
42 39 2
42 38 2
42 33 2
42 32 1
42 31 2
42 30 2
42 37 2
42 36 2
42 35 2
42 34 2
42 60 2
42 61 2
42 62 2
42 63 2
42 64 2
42 65 2
42 66 3
42 67 2
42 68 1
42 69 2
42 2 2
42 6 2
42 99 1
42 98 2
42 91 2
42 90 2
42 93 3
42 92 3
42 95 1
42 94 2
42 97 2
42 96 1
42 11 1
42 10 1
42 13 2
42 12 2
42 15 2
42 14 1
42 17 2
42 16 1
42 19 2
42 18 2
42 48 2
42 49 2
42 46 1
42 47 2
42 44 1
42 45 2
42 42 0
42 43 1
42 40 2
42 41 2
42 1 2
42 5 2
42 9 2
42 77 2
42 76 2
42 75 3
42 74 2
42 73 1
42 72 2
42 71 2
42 70 2
42 79 2
42 78 2
31 24 1
31 25 2
31 26 2
31 27 2
31 20 2
31 21 1
31 22 2
31 23 2
31 28 1
31 29 2
31 0 2
31 4 2
31 8 2
31 59 2
31 58 2
31 55 2
31 54 2
31 57 2
31 56 1
31 51 2
31 50 1
31 53 2
31 52 2
31 88 2
31 89 2
31 82 2
31 83 2
31 80 2
31 81 2
31 86 2
31 87 2
31 84 1
31 85 2
31 3 2
31 7 2
31 39 2
31 38 2
31 33 2
31 32 2
31 31 0
31 30 2
31 37 2
31 36 2
31 35 2
31 34 2
31 60 2
31 61 1
31 62 1
31 63 2
31 64 2
31 65 2
31 66 1
31 67 2
31 68 2
31 69 2
31 2 1
31 6 2
31 99 2
31 98 3
31 91 2
31 90 2
31 93 2
31 92 2
31 95 2
31 94 2
31 97 1
31 96 2
31 11 1
31 10 1
31 13 1
31 12 2
31 15 2
31 14 2
31 17 2
31 16 2
31 19 2
31 18 2
31 48 2
31 49 2
31 46 2
31 47 2
31 44 2
31 45 2
31 42 2
31 43 2
31 40 2
31 41 2
31 1 1
31 5 1
31 9 1
31 77 2
31 76 1
31 75 1
31 74 2
31 73 2
31 72 2
31 71 1
31 70 2
31 79 2
31 78 2
0 24 2
0 25 2
0 26 2
0 27 2
0 20 2
0 21 2
0 22 2
0 23 1
0 28 2
0 29 2
0 0 0
0 4 2
0 8 2
0 59 2
0 58 1
0 55 2
0 54 2
0 57 1
0 56 2
0 51 2
0 50 2
0 53 2
0 52 2
0 88 2
0 89 2
0 82 2
0 83 1
0 80 2
0 81 2
0 86 2
0 87 2
0 84 2
0 85 2
0 3 2
0 7 2
0 39 2
0 38 2
0 33 2
0 32 1
0 31 2
0 30 2
0 37 2
0 36 2
0 35 2
0 34 2
0 60 2
0 61 2
0 62 2
0 63 2
0 64 2
0 65 2
0 66 2
0 67 2
0 68 1
0 69 1
0 2 2
0 6 2
0 99 2
0 98 2
0 91 2
0 90 2
0 93 2
0 92 2
0 95 2
0 94 2
0 97 1
0 96 2
0 11 1
0 10 1
0 13 1
0 12 1
0 15 1
0 14 1
0 17 2
0 16 2
0 19 1
0 18 2
0 48 2
0 49 2
0 46 2
0 47 1
0 44 2
0 45 2
0 42 1
0 43 2
0 40 2
0 41 2
0 1 2
0 5 2
0 9 2
0 77 1
0 76 2
0 75 2
0 74 2
0 73 2
0 72 2
0 71 2
0 70 2
0 79 1
0 78 2
35 24 2
35 25 2
35 26 1
35 27 2
35 20 1
35 21 2
35 22 1
35 23 2
35 28 1
35 29 2
35 0 2
35 4 2
35 8 2
35 59 2
35 58 2
35 55 2
35 54 2
35 57 2
35 56 2
35 51 2
35 50 2
35 53 1
35 52 1
35 88 3
35 89 2
35 82 2
35 83 3
35 80 2
35 81 2
35 86 2
35 87 2
35 84 2
35 85 2
35 3 2
35 7 2
35 39 2
35 38 2
35 33 2
35 32 1
35 31 2
35 30 2
35 37 2
35 36 2
35 35 0
35 34 2
35 60 2
35 61 2
35 62 2
35 63 1
35 64 2
35 65 1
35 66 1
35 67 2
35 68 3
35 69 2
35 2 1
35 6 2
35 99 2
35 98 2
35 91 2
35 90 2
35 93 2
35 92 2
35 95 2
35 94 2
35 97 3
35 96 2
35 11 2
35 10 2
35 13 2
35 12 1
35 15 1
35 14 1
35 17 2
35 16 2
35 19 2
35 18 1
35 48 1
35 49 2
35 46 2
35 47 2
35 44 2
35 45 1
35 42 2
35 43 2
35 40 1
35 41 2
35 1 2
35 5 2
35 9 2
35 77 2
35 76 2
35 75 2
35 74 2
35 73 2
35 72 2
35 71 2
35 70 2
35 79 3
35 78 1
4 24 2
4 25 2
4 26 2
4 27 2
4 20 2
4 21 2
4 22 2
4 23 2
4 28 1
4 29 2
4 0 2
4 4 0
4 8 2
4 59 2
4 58 2
4 55 2
4 54 1
4 57 2
4 56 2
4 51 2
4 50 1
4 53 2
4 52 3
4 88 1
4 89 2
4 82 2
4 83 2
4 80 2
4 81 2
4 86 2
4 87 2
4 84 2
4 85 2
4 3 2
4 7 2
4 39 2
4 38 1
4 33 2
4 32 2
4 31 2
4 30 2
4 37 2
4 36 2
4 35 2
4 34 3
4 60 2
4 61 2
4 62 2
4 63 3
4 64 2
4 65 2
4 66 2
4 67 2
4 68 2
4 69 1
4 2 2
4 6 2
4 99 2
4 98 1
4 91 2
4 90 3
4 93 2
4 92 2
4 95 2
4 94 2
4 97 1
4 96 2
4 11 1
4 10 1
4 13 2
4 12 1
4 15 2
4 14 1
4 17 1
4 16 2
4 19 2
4 18 1
4 48 1
4 49 2
4 46 2
4 47 2
4 44 2
4 45 1
4 42 1
4 43 2
4 40 2
4 41 2
4 1 2
4 5 2
4 9 2
4 77 2
4 76 2
4 75 2
4 74 2
4 73 2
4 72 1
4 71 2
4 70 2
4 79 2
4 78 2
55 24 2
55 25 2
55 26 2
55 27 2
55 20 1
55 21 2
55 22 2
55 23 1
55 28 2
55 29 1
55 0 2
55 4 2
55 8 2
55 59 2
55 58 2
55 55 0
55 54 2
55 57 1
55 56 2
55 51 2
55 50 2
55 53 2
55 52 2
55 88 2
55 89 2
55 82 2
55 83 2
55 80 2
55 81 2
55 86 1
55 87 2
55 84 2
55 85 2
55 3 2
55 7 2
55 39 2
55 38 2
55 33 2
55 32 2
55 31 2
55 30 2
55 37 2
55 36 1
55 35 2
55 34 2
55 60 2
55 61 2
55 62 2
55 63 2
55 64 1
55 65 2
55 66 2
55 67 2
55 68 1
55 69 1
55 2 1
55 6 1
55 99 2
55 98 1
55 91 2
55 90 2
55 93 2
55 92 2
55 95 2
55 94 2
55 97 3
55 96 2
55 11 1
55 10 2
55 13 2
55 12 2
55 15 2
55 14 2
55 17 2
55 16 2
55 19 2
55 18 2
55 48 1
55 49 2
55 46 2
55 47 2
55 44 2
55 45 2
55 42 1
55 43 1
55 40 2
55 41 2
55 1 2
55 5 2
55 9 2
55 77 1
55 76 2
55 75 2
55 74 1
55 73 2
55 72 2
55 71 2
55 70 2
55 79 2
55 78 2
57 24 2
57 25 2
57 26 2
57 27 2
57 20 2
57 21 2
57 22 2
57 23 2
57 28 2
57 29 2
57 0 1
57 4 2
57 8 2
57 59 2
57 58 2
57 55 1
57 54 2
57 57 0
57 56 2
57 51 2
57 50 2
57 53 2
57 52 2
57 88 1
57 89 1
57 82 2
57 83 2
57 80 2
57 81 2
57 86 1
57 87 2
57 84 3
57 85 1
57 3 1
57 7 2
57 39 2
57 38 2
57 33 2
57 32 2
57 31 2
57 30 2
57 37 2
57 36 2
57 35 2
57 34 1
57 60 3
57 61 2
57 62 2
57 63 3
57 64 2
57 65 2
57 66 2
57 67 2
57 68 2
57 69 2
57 2 2
57 6 2
57 99 2
57 98 2
57 91 1
57 90 1
57 93 1
57 92 2
57 95 2
57 94 2
57 97 2
57 96 2
57 11 2
57 10 2
57 13 2
57 12 1
57 15 2
57 14 1
57 17 1
57 16 2
57 19 2
57 18 2
57 48 2
57 49 1
57 46 2
57 47 2
57 44 2
57 45 2
57 42 2
57 43 1
57 40 2
57 41 2
57 1 1
57 5 2
57 9 2
57 77 2
57 76 2
57 75 1
57 74 2
57 73 2
57 72 2
57 71 2
57 70 2
57 79 2
57 78 3
37 24 2
37 25 1
37 26 2
37 27 2
37 20 2
37 21 2
37 22 1
37 23 1
37 28 2
37 29 2
37 0 2
37 4 2
37 8 1
37 59 2
37 58 2
37 55 2
37 54 2
37 57 2
37 56 2
37 51 2
37 50 2
37 53 2
37 52 1
37 88 3
37 89 3
37 82 2
37 83 2
37 80 2
37 81 2
37 86 2
37 87 2
37 84 2
37 85 2
37 3 1
37 7 1
37 39 2
37 38 2
37 33 2
37 32 2
37 31 2
37 30 2
37 37 0
37 36 2
37 35 2
37 34 2
37 60 1
37 61 1
37 62 2
37 63 2
37 64 2
37 65 2
37 66 2
37 67 2
37 68 2
37 69 2
37 2 2
37 6 2
37 99 2
37 98 2
37 91 2
37 90 2
37 93 2
37 92 2
37 95 2
37 94 2
37 97 1
37 96 1
37 11 2
37 10 2
37 13 1
37 12 2
37 15 2
37 14 2
37 17 2
37 16 2
37 19 2
37 18 1
37 48 2
37 49 2
37 46 2
37 47 2
37 44 2
37 45 2
37 42 2
37 43 2
37 40 2
37 41 2
37 1 1
37 5 1
37 9 2
37 77 2
37 76 2
37 75 1
37 74 2
37 73 1
37 72 2
37 71 2
37 70 2
37 79 3
37 78 1
36 24 1
36 25 2
36 26 1
36 27 2
36 20 2
36 21 1
36 22 1
36 23 2
36 28 2
36 29 2
36 0 2
36 4 2
36 8 2
36 59 2
36 58 2
36 55 1
36 54 3
36 57 2
36 56 2
36 51 2
36 50 2
36 53 2
36 52 2
36 88 2
36 89 2
36 82 2
36 83 2
36 80 2
36 81 2
36 86 2
36 87 2
36 84 2
36 85 2
36 3 2
36 7 2
36 39 1
36 38 2
36 33 1
36 32 2
36 31 2
36 30 2
36 37 2
36 36 0
36 35 2
36 34 2
36 60 2
36 61 2
36 62 1
36 63 2
36 64 2
36 65 2
36 66 2
36 67 2
36 68 2
36 69 1
36 2 2
36 6 2
36 99 1
36 98 2
36 91 2
36 90 3
36 93 1
36 92 2
36 95 2
36 94 2
36 97 2
36 96 2
36 11 2
36 10 1
36 13 2
36 12 1
36 15 1
36 14 2
36 17 1
36 16 2
36 19 2
36 18 2
36 48 2
36 49 2
36 46 2
36 47 2
36 44 2
36 45 1
36 42 2
36 43 2
36 40 2
36 41 2
36 1 2
36 5 2
36 9 1
36 77 2
36 76 2
36 75 2
36 74 2
36 73 2
36 72 1
36 71 2
36 70 2
36 79 2
36 78 2
52 24 1
52 25 2
52 26 1
52 27 1
52 20 2
52 21 2
52 22 1
52 23 1
52 28 2
52 29 1
52 0 2
52 4 3
52 8 2
52 59 1
52 58 2
52 55 2
52 54 2
52 57 2
52 56 2
52 51 2
52 50 2
52 53 1
52 52 0
52 88 2
52 89 2
52 82 2
52 83 2
52 80 2
52 81 2
52 86 2
52 87 2
52 84 2
52 85 2
52 3 2
52 7 2
52 39 2
52 38 2
52 33 2
52 32 2
52 31 2
52 30 2
52 37 1
52 36 2
52 35 1
52 34 2
52 60 2
52 61 1
52 62 2
52 63 2
52 64 1
52 65 1
52 66 2
52 67 2
52 68 2
52 69 2
52 2 2
52 6 2
52 99 2
52 98 2
52 91 2
52 90 3
52 93 2
52 92 2
52 95 2
52 94 1
52 97 2
52 96 2
52 11 2
52 10 2
52 13 2
52 12 2
52 15 2
52 14 2
52 17 2
52 16 2
52 19 2
52 18 2
52 48 2
52 49 2
52 46 2
52 47 2
52 44 3
52 45 2
52 42 2
52 43 2
52 40 2
52 41 1
52 1 2
52 5 2
52 9 1
52 77 2
52 76 2
52 75 1
52 74 2
52 73 2
52 72 2
52 71 2
52 70 2
52 79 2
52 78 2
56 24 1
56 25 1
56 26 2
56 27 2
56 20 2
56 21 1
56 22 2
56 23 1
56 28 2
56 29 2
56 0 2
56 4 2
56 8 1
56 59 2
56 58 2
56 55 2
56 54 2
56 57 2
56 56 0
56 51 2
56 50 2
56 53 2
56 52 2
56 88 1
56 89 2
56 82 2
56 83 1
56 80 2
56 81 2
56 86 2
56 87 1
56 84 2
56 85 2
56 3 2
56 7 3
56 39 2
56 38 2
56 33 2
56 32 2
56 31 1
56 30 1
56 37 2
56 36 2
56 35 2
56 34 2
56 60 2
56 61 2
56 62 2
56 63 2
56 64 2
56 65 2
56 66 2
56 67 2
56 68 2
56 69 2
56 2 2
56 6 3
56 99 3
56 98 2
56 91 2
56 90 2
56 93 2
56 92 2
56 95 2
56 94 2
56 97 2
56 96 2
56 11 2
56 10 2
56 13 2
56 12 1
56 15 2
56 14 2
56 17 2
56 16 2
56 19 2
56 18 2
56 48 2
56 49 2
56 46 2
56 47 2
56 44 2
56 45 2
56 42 2
56 43 2
56 40 2
56 41 2
56 1 1
56 5 1
56 9 2
56 77 2
56 76 1
56 75 1
56 74 2
56 73 2
56 72 2
56 71 2
56 70 1
56 79 2
56 78 2
53 24 2
53 25 2
53 26 2
53 27 2
53 20 2
53 21 2
53 22 2
53 23 2
53 28 2
53 29 2
53 0 2
53 4 2
53 8 2
53 59 1
53 58 2
53 55 2
53 54 1
53 57 2
53 56 2
53 51 2
53 50 2
53 53 0
53 52 1
53 88 2
53 89 2
53 82 2
53 83 3
53 80 2
53 81 2
53 86 2
53 87 2
53 84 2
53 85 2
53 3 1
53 7 2
53 39 2
53 38 2
53 33 2
53 32 2
53 31 2
53 30 1
53 37 2
53 36 2
53 35 1
53 34 2
53 60 2
53 61 2
53 62 2
53 63 2
53 64 2
53 65 2
53 66 2
53 67 2
53 68 2
53 69 2
53 2 2
53 6 2
53 99 2
53 98 1
53 91 2
53 90 3
53 93 1
53 92 2
53 95 2
53 94 2
53 97 3
53 96 2
53 11 1
53 10 2
53 13 2
53 12 1
53 15 1
53 14 1
53 17 2
53 16 2
53 19 1
53 18 2
53 48 2
53 49 2
53 46 2
53 47 2
53 44 2
53 45 2
53 42 2
53 43 2
53 40 2
53 41 2
53 1 2
53 5 2
53 9 1
53 77 1
53 76 3
53 75 2
53 74 1
53 73 2
53 72 2
53 71 2
53 70 2
53 79 2
53 78 2
46 24 2
46 25 2
46 26 2
46 27 2
46 20 1
46 21 2
46 22 1
46 23 2
46 28 1
46 29 2
46 0 2
46 4 2
46 8 2
46 59 2
46 58 1
46 55 2
46 54 1
46 57 2
46 56 2
46 51 2
46 50 1
46 53 2
46 52 2
46 88 2
46 89 3
46 82 2
46 83 2
46 80 2
46 81 2
46 86 2
46 87 2
46 84 2
46 85 2
46 3 2
46 7 2
46 39 2
46 38 2
46 33 2
46 32 2
46 31 2
46 30 2
46 37 2
46 36 2
46 35 2
46 34 2
46 60 2
46 61 1
46 62 2
46 63 1
46 64 2
46 65 2
46 66 2
46 67 2
46 68 2
46 69 2
46 2 1
46 6 2
46 99 2
46 98 2
46 91 2
46 90 1
46 93 3
46 92 2
46 95 2
46 94 2
46 97 2
46 96 2
46 11 2
46 10 1
46 13 2
46 12 1
46 15 1
46 14 1
46 17 2
46 16 2
46 19 2
46 18 1
46 48 2
46 49 2
46 46 0
46 47 2
46 44 2
46 45 2
46 42 1
46 43 2
46 40 2
46 41 2
46 1 2
46 5 2
46 9 2
46 77 2
46 76 2
46 75 2
46 74 2
46 73 2
46 72 2
46 71 2
46 70 2
46 79 3
46 78 2
27 24 1
27 25 2
27 26 2
27 27 0
27 20 2
27 21 1
27 22 2
27 23 2
27 28 2
27 29 2
27 0 2
27 4 2
27 8 2
27 59 2
27 58 2
27 55 2
27 54 2
27 57 2
27 56 2
27 51 2
27 50 2
27 53 2
27 52 1
27 88 2
27 89 2
27 82 2
27 83 1
27 80 2
27 81 2
27 86 2
27 87 2
27 84 2
27 85 2
27 3 1
27 7 2
27 39 2
27 38 2
27 33 2
27 32 2
27 31 2
27 30 1
27 37 2
27 36 2
27 35 2
27 34 2
27 60 2
27 61 2
27 62 2
27 63 1
27 64 2
27 65 2
27 66 2
27 67 2
27 68 3
27 69 2
27 2 1
27 6 2
27 99 2
27 98 2
27 91 2
27 90 2
27 93 2
27 92 2
27 95 2
27 94 2
27 97 2
27 96 2
27 11 1
27 10 2
27 13 2
27 12 2
27 15 2
27 14 1
27 17 1
27 16 1
27 19 2
27 18 1
27 48 1
27 49 2
27 46 2
27 47 3
27 44 2
27 45 2
27 42 2
27 43 2
27 40 2
27 41 2
27 1 2
27 5 2
27 9 1
27 77 3
27 76 2
27 75 2
27 74 2
27 73 2
27 72 2
27 71 2
27 70 3
27 79 2
27 78 2
54 24 2
54 25 2
54 26 2
54 27 2
54 20 2
54 21 2
54 22 2
54 23 2
54 28 2
54 29 1
54 0 2
54 4 1
54 8 2
54 59 2
54 58 2
54 55 2
54 54 0
54 57 2
54 56 2
54 51 2
54 50 1
54 53 1
54 52 2
54 88 2
54 89 2
54 82 2
54 83 2
54 80 2
54 81 1
54 86 2
54 87 2
54 84 1
54 85 3
54 3 2
54 7 2
54 39 2
54 38 2
54 33 2
54 32 2
54 31 2
54 30 2
54 37 2
54 36 3
54 35 2
54 34 2
54 60 2
54 61 2
54 62 2
54 63 2
54 64 2
54 65 2
54 66 2
54 67 2
54 68 2
54 69 2
54 2 2
54 6 2
54 99 2
54 98 2
54 91 2
54 90 2
54 93 2
54 92 3
54 95 2
54 94 3
54 97 2
54 96 1
54 11 1
54 10 2
54 13 2
54 12 2
54 15 2
54 14 2
54 17 2
54 16 1
54 19 2
54 18 1
54 48 2
54 49 2
54 46 1
54 47 2
54 44 2
54 45 2
54 42 2
54 43 1
54 40 3
54 41 3
54 1 1
54 5 2
54 9 2
54 77 1
54 76 2
54 75 2
54 74 2
54 73 1
54 72 2
54 71 2
54 70 2
54 79 2
54 78 2
43 24 2
43 25 2
43 26 2
43 27 2
43 20 2
43 21 1
43 22 2
43 23 2
43 28 2
43 29 2
43 0 2
43 4 2
43 8 2
43 59 2
43 58 1
43 55 1
43 54 1
43 57 1
43 56 2
43 51 2
43 50 2
43 53 2
43 52 2
43 88 2
43 89 2
43 82 2
43 83 2
43 80 2
43 81 2
43 86 2
43 87 3
43 84 2
43 85 2
43 3 2
43 7 2
43 39 1
43 38 1
43 33 2
43 32 1
43 31 2
43 30 2
43 37 2
43 36 2
43 35 2
43 34 2
43 60 2
43 61 2
43 62 2
43 63 2
43 64 2
43 65 2
43 66 2
43 67 2
43 68 2
43 69 2
43 2 2
43 6 2
43 99 2
43 98 2
43 91 2
43 90 2
43 93 2
43 92 2
43 95 2
43 94 3
43 97 2
43 96 2
43 11 2
43 10 1
43 13 1
43 12 2
43 15 2
43 14 2
43 17 1
43 16 2
43 19 2
43 18 1
43 48 2
43 49 2
43 46 2
43 47 2
43 44 2
43 45 2
43 42 1
43 43 0
43 40 2
43 41 2
43 1 2
43 5 2
43 9 1
43 77 2
43 76 2
43 75 2
43 74 2
43 73 2
43 72 2
43 71 2
43 70 2
43 79 1
43 78 2
5 24 2
5 25 2
5 26 2
5 27 2
5 20 2
5 21 1
5 22 2
5 23 2
5 28 2
5 29 1
5 0 2
5 4 2
5 8 2
5 59 2
5 58 2
5 55 2
5 54 2
5 57 2
5 56 1
5 51 3
5 50 2
5 53 2
5 52 2
5 88 2
5 89 2
5 82 2
5 83 2
5 80 2
5 81 2
5 86 3
5 87 2
5 84 1
5 85 2
5 3 2
5 7 2
5 39 2
5 38 2
5 33 1
5 32 2
5 31 1
5 30 2
5 37 1
5 36 2
5 35 2
5 34 2
5 60 2
5 61 1
5 62 2
5 63 2
5 64 2
5 65 2
5 66 2
5 67 2
5 68 1
5 69 2
5 2 2
5 6 2
5 99 2
5 98 2
5 91 2
5 90 3
5 93 2
5 92 1
5 95 2
5 94 2
5 97 2
5 96 1
5 11 1
5 10 1
5 13 2
5 12 1
5 15 2
5 14 2
5 17 2
5 16 2
5 19 2
5 18 2
5 48 2
5 49 2
5 46 2
5 47 2
5 44 2
5 45 2
5 42 2
5 43 2
5 40 1
5 41 2
5 1 2
5 5 0
5 9 2
5 77 2
5 76 2
5 75 2
5 74 2
5 73 2
5 72 2
5 71 2
5 70 2
5 79 2
5 78 2
59 24 2
59 25 2
59 26 2
59 27 2
59 20 2
59 21 2
59 22 2
59 23 2
59 28 2
59 29 1
59 0 2
59 4 2
59 8 2
59 59 0
59 58 2
59 55 2
59 54 2
59 57 2
59 56 2
59 51 2
59 50 1
59 53 1
59 52 1
59 88 2
59 89 2
59 82 2
59 83 2
59 80 2
59 81 2
59 86 2
59 87 2
59 84 2
59 85 2
59 3 2
59 7 2
59 39 1
59 38 2
59 33 1
59 32 2
59 31 2
59 30 2
59 37 2
59 36 2
59 35 2
59 34 2
59 60 2
59 61 2
59 62 2
59 63 2
59 64 2
59 65 2
59 66 2
59 67 2
59 68 2
59 69 1
59 2 2
59 6 2
59 99 2
59 98 2
59 91 2
59 90 2
59 93 2
59 92 1
59 95 2
59 94 2
59 97 3
59 96 2
59 11 2
59 10 2
59 13 1
59 12 2
59 15 2
59 14 1
59 17 2
59 16 2
59 19 1
59 18 2
59 48 1
59 49 2
59 46 2
59 47 2
59 44 2
59 45 2
59 42 2
59 43 2
59 40 2
59 41 2
59 1 2
59 5 2
59 9 2
59 77 2
59 76 2
59 75 1
59 74 2
59 73 3
59 72 1
59 71 2
59 70 2
59 79 2
59 78 2
50 24 2
50 25 2
50 26 2
50 27 2
50 20 1
50 21 1
50 22 2
50 23 2
50 28 2
50 29 1
50 0 2
50 4 1
50 8 1
50 59 1
50 58 2
50 55 2
50 54 1
50 57 2
50 56 2
50 51 2
50 50 0
50 53 2
50 52 2
50 88 2
50 89 2
50 82 2
50 83 1
50 80 2
50 81 2
50 86 3
50 87 2
50 84 2
50 85 2
50 3 1
50 7 3
50 39 2
50 38 2
50 33 2
50 32 2
50 31 1
50 30 2
50 37 2
50 36 2
50 35 2
50 34 2
50 60 2
50 61 2
50 62 2
50 63 2
50 64 2
50 65 2
50 66 2
50 67 2
50 68 2
50 69 2
50 2 1
50 6 2
50 99 2
50 98 2
50 91 2
50 90 2
50 93 2
50 92 2
50 95 2
50 94 2
50 97 2
50 96 2
50 11 2
50 10 2
50 13 2
50 12 1
50 15 2
50 14 2
50 17 2
50 16 2
50 19 2
50 18 2
50 48 2
50 49 2
50 46 1
50 47 2
50 44 2
50 45 2
50 42 2
50 43 2
50 40 2
50 41 2
50 1 2
50 5 2
50 9 2
50 77 2
50 76 1
50 75 2
50 74 2
50 73 2
50 72 2
50 71 2
50 70 2
50 79 2
50 78 2
38 24 2
38 25 2
38 26 2
38 27 2
38 20 2
38 21 1
38 22 1
38 23 2
38 28 2
38 29 2
38 0 2
38 4 1
38 8 2
38 59 2
38 58 2
38 55 2
38 54 2
38 57 2
38 56 2
38 51 1
38 50 2
38 53 2
38 52 2
38 88 2
38 89 2
38 82 2
38 83 2
38 80 2
38 81 2
38 86 2
38 87 2
38 84 2
38 85 2
38 3 1
38 7 2
38 39 2
38 38 0
38 33 2
38 32 2
38 31 2
38 30 2
38 37 2
38 36 2
38 35 2
38 34 2
38 60 2
38 61 2
38 62 2
38 63 2
38 64 2
38 65 2
38 66 2
38 67 2
38 68 3
38 69 2
38 2 2
38 6 2
38 99 2
38 98 1
38 91 2
38 90 2
38 93 2
38 92 2
38 95 2
38 94 2
38 97 2
38 96 3
38 11 2
38 10 1
38 13 1
38 12 1
38 15 1
38 14 2
38 17 2
38 16 2
38 19 2
38 18 1
38 48 2
38 49 2
38 46 2
38 47 2
38 44 2
38 45 2
38 42 2
38 43 1
38 40 2
38 41 1
38 1 2
38 5 2
38 9 1
38 77 3
38 76 3
38 75 2
38 74 2
38 73 2
38 72 2
38 71 3
38 70 2
38 79 2
38 78 2
61 24 2
61 25 2
61 26 1
61 27 2
61 20 1
61 21 1
61 22 2
61 23 1
61 28 2
61 29 2
61 0 2
61 4 2
61 8 2
61 59 2
61 58 2
61 55 2
61 54 2
61 57 2
61 56 2
61 51 3
61 50 2
61 53 2
61 52 1
61 88 2
61 89 2
61 82 2
61 83 1
61 80 2
61 81 2
61 86 3
61 87 2
61 84 2
61 85 2
61 3 2
61 7 2
61 39 2
61 38 2
61 33 2
61 32 2
61 31 1
61 30 2
61 37 1
61 36 2
61 35 2
61 34 2
61 60 2
61 61 0
61 62 2
61 63 2
61 64 2
61 65 2
61 66 2
61 67 2
61 68 2
61 69 2
61 2 2
61 6 2
61 99 3
61 98 2
61 91 2
61 90 2
61 93 3
61 92 2
61 95 2
61 94 2
61 97 2
61 96 2
61 11 2
61 10 2
61 13 2
61 12 2
61 15 2
61 14 1
61 17 2
61 16 2
61 19 2
61 18 2
61 48 2
61 49 2
61 46 1
61 47 2
61 44 2
61 45 2
61 42 2
61 43 2
61 40 2
61 41 2
61 1 2
61 5 1
61 9 2
61 77 2
61 76 2
61 75 2
61 74 1
61 73 2
61 72 1
61 71 2
61 70 3
61 79 2
61 78 1
45 24 1
45 25 1
45 26 2
45 27 2
45 20 2
45 21 2
45 22 2
45 23 1
45 28 2
45 29 2
45 0 2
45 4 1
45 8 2
45 59 2
45 58 1
45 55 2
45 54 2
45 57 2
45 56 2
45 51 2
45 50 2
45 53 2
45 52 2
45 88 2
45 89 3
45 82 2
45 83 2
45 80 1
45 81 2
45 86 2
45 87 2
45 84 3
45 85 2
45 3 1
45 7 2
45 39 2
45 38 2
45 33 2
45 32 2
45 31 2
45 30 2
45 37 2
45 36 1
45 35 1
45 34 2
45 60 3
45 61 2
45 62 2
45 63 2
45 64 1
45 65 2
45 66 2
45 67 2
45 68 2
45 69 2
45 2 2
45 6 2
45 99 2
45 98 2
45 91 2
45 90 2
45 93 2
45 92 3
45 95 2
45 94 3
45 97 2
45 96 1
45 11 2
45 10 2
45 13 1
45 12 2
45 15 2
45 14 1
45 17 2
45 16 2
45 19 2
45 18 2
45 48 2
45 49 2
45 46 2
45 47 2
45 44 3
45 45 0
45 42 2
45 43 2
45 40 1
45 41 2
45 1 2
45 5 2
45 9 2
45 77 2
45 76 2
45 75 2
45 74 2
45 73 2
45 72 2
45 71 2
45 70 2
45 79 2
45 78 2
